18 3 1997
27 -3 2038
25 2 2005
21 9 2018
13 4 2014
15 7 2002
24 -3 2024
11 7 1965
16 4 1984
26 8 1999
6 2 1967
100 2 2009
3 9 1982
12 10 1968
30 10 1998
24 2 1962
365 12 2022
366 13 2023
24 1 1961
9 8 2046
1 1 2001
1 0 2001
3 11 1959
-2 8 2019
13 3 1969
4 7 2049
29 11 2006
-4 -3 1962
-4 5 2010
9 8 1986
2 4 2027
8 6 1966
0 1 1955
9 10 1971
8 -3 2041
22 -1 2048
16 6 2028
25 7 1991
16 -2 2040
18 1 2009
30 5 1980
18 10 2049
27 3 2037
8 -1 1995
240 2 1997
-4 1 2021
30 3 2024
1 -2 2048
-3 5 1961
15 7 1999
16 7 2032
3 -2 2007
-4 0 2019
2 -2 1971
11 6 2045
21 -1 2032
25 5 2014
12 11 1976
14 8 1987
8 10 1988
-4 1 2003
15 3 2027
7 2 2001
9 -3 2026
21 10 2004
15 2 1969
29 4 1992
23 5 2036
23 2 1988
8888 -1 1951
27 0 1954
8 7 1986
26 0 1985
5 -2 2024
27 -1 2045
30 0 2007
26 0 1963
21 0 1986
16 7 1954
17 8 1964
15 4 1995
5 9 1967
1 -1 1987
9 2 1973
19 9 1958
15 4 2049
6 2 2038
2 -1 1988
13 8 1982
10 -1 2030
5 9 1989
9 -3 2042
24 7 1990
22 4 2043
19 -3 1992
27 3 1990
30 6 1987
30 7 2003
7 10 1982
15 5 2013
3 1 2003
11 -1 2019
2 120 2027
27 10 1970
0 3 1999
13 0 1972
5 6 2008
22 -1 1983
24 7 2041
7 -2 1954
-1 9 2011
11 6 2023
12 2 1962
8 9 2012
11 10 2026
13 7 2029
10 1 2031
4 11 2027
25 4 2029
27 -1 1966
27 1 2009
24 7 2028
27 9 1985
23 -3 2026
24 5 1969
11 0 2024
27 3 1993
20 3 2047
11 1 2035
15 -3 1994
-4 11 1975
4 -333 1988
27 -1 2038
1 2 1984
28 7 2022
20 6 2018
11 1 2045
30 -1 2016
16 3 1997
2 7 2033
2 -3 2007
14 -2 1980
-3 8 2042
6 8 1995
1 7 2041
30 8 2011
-2 7 2016
30 4 2004
6 5 1971
-1 0 1993
2 10 1991
12 0 1964
-4 8 2027
22 1 1997
23 1 1996
27 0 2013
2 5 1951
8 8 2023
290 -3 2039
26 5 1976
19 8 2046
5 2 2017
25 0 2027
9 8 1980
-2 4 1956
17 10 1951
28 3 2034
12 2 1956
22 -2 1990
29 1 1963
28 2 1993
4 -3 1974
16 8 1972
-2 11 2024
10 5 1951
0 6 2018
10 9 2030
27 6 1953
30 6 2037
1 -1 2001
11 4 2038
0 5 1966
27 8 2004
15 9 1954
0 5 1966
20 6 1982
22 -1 2026
27 0 1980
10 4 2018
11 3 1996
12 6 2042
6 7 1954
0 -1 1998
29 0 1967
24 8 2027
18 50 2005
29 -2 1982
14 2 2031
20 1 2039
9 -1 1951
9 4 1959
14 10 2031
28 5 2037
19 9 1984
13 -3 1954
